
Descriptive statistics
======================================
Statistic N  Mean  St. Dev. Min   Max 
--------------------------------------
mpg       32 20.1    6.0    10.4 33.9 
cyl       32  6.2    1.8     4     8  
disp      32 230.7  123.9   71.1 472.0
hp        32 146.7   68.6    52   335 
drat      32  3.6    0.5    2.8   4.9 
wt        32  3.2    1.0    1.5   5.4 
qsec      32 17.8    1.8    14.5 22.9 
vs        32  0.4    0.5     0     1  
am        32  0.4    0.5     0     1  
gear      32  3.7    0.7     3     5  
carb      32  2.8    1.6     1     8  
--------------------------------------
